Min depth	Ave depth	Std dev	W/n 20% of ave depth	1x	25x	100x
7787	13735.9584352	2533.41832154	0.733496332518	1.0	1.0	1.0
0	0	0	0.0	0.0	0.0	0.0
7262	15803.8575163	3040.73062119	0.72339869281	1.0	1.0	1.0
5892	19148.0803441	5283.58915776	0.614756488772	1.0	1.0	1.0
0	0	0	0.0	0.0	0.0	0.0
13750	15354.6193294	1220.66191725	1.0	1.0	1.0	1.0
0	0.0626883664858	0.266504642704	0.0	0.0626883664858	0.0	0.0
4391	13996.9697987	5161.79463248	0.352348993289	1.0	1.0	1.0
8852	16805.8385965	2836.05942121	0.889473684211	1.0	1.0	1.0
0	0.723684210526	2.57276860722	0.0	0.0742481203008	0.0	0.0
1	0.028129395218	0.16534246987	0.0	0.028129395218	0.0	0.0
9748	19025.1717428	3046.91766084	0.865482233503	1.0	1.0	1.0
8009	15162.3261649	3173.4476378	0.719534050179	1.0	1.0	1.0
0	0.0775384615385	0.476028540739	0.0	0.0258461538462	0.0	0.0
0	0.00606469002695	0.0776396133545	0.0	0.00606469002695	0.0	0.0
6284	20233.6614232	3353.64709948	0.864419475655	1.0	1.0	1.0
0	0.324471710975	2.32609913704	0.0	0.0538513974097	0.0	0.0
0	0.631921824104	3.50377261153	0.0	0.0512289013918	0.0	0.0
5717	15187.7961355	3669.32293241	0.587230467656	1.0	1.0	1.0
2544	14566.6105611	4109.09284555	0.597359735974	1.0	1.0	1.0
3772	12931.2556103	4046.81223431	0.385604816639	1.0	1.0	1.0
0	0.0354488279017	0.263895881748	0.0	0.0177244139508	0.0	0.0
145	16589.8570427	3337.67451531	0.721793973371	1.0	1.0	1.0
0	0.085308056872	0.284938853031	0.0	0.0837282780411	0.0	0.0
8460	15625.1508951	3365.85561951	0.601023017903	1.0	1.0	1.0
7268	15633.4947893	3954.65415331	0.601721794291	1.0	1.0	1.0
3331	13176.6356824	4461.51835213	0.426940231936	1.0	1.0	1.0
7980	16997.9812081	3238.00041697	0.679194630872	1.0	1.0	1.0
1714	11983.1216879	3361.21709051	0.56384254716	1.0	1.0	1.0
0	1.9026093348	7.36857635394	0.0308710033076	0.172730613745	0.0363836824697	0.0
2	0.156103286385	1.34315589397	0.0	0.056338028169	0.00176056338028	0.0
0	0.101503759398	0.340054166938	0.0	0.0892857142857	0.0	0.0
9655	15514.6221294	3220.61643259	0.659707724426	1.0	1.0	1.0
8238	13292.5254237	3816.88524783	0.49011299435	1.0	1.0	1.0
16733	19797.4926471	1554.93314274	1.0	1.0	1.0	1.0
3541	13243.1137348	3618.51936856	0.533123442214	1.0	1.0	1.0
0	0.219670945579	1.28325232893	0.0	0.0334478394504	0.0	0.0
7991	19076.0208858	3832.49855671	0.780818629216	0.997119193374	0.997119193374	0.997119193374
2902	15460.3690919	3395.02861602	0.749867233139	1.0	1.0	1.0
0	0.498575498575	2.78737621374	0.0	0.0565052231719	0.0	0.0
0	5.50657894737	16.0091106369	0.0	0.201754385965	0.117324561404	0.0
0	0.207561728395	0.760302639884	0.0	0.0694444444444	0.0	0.0
1240	13677.1474938	4053.99482267	0.544919200219	1.0	0.996713229252	0.996713229252
7456	15197.8951701	3999.54058277	0.574094401756	0.980241492865	0.980241492865	0.980241492865
9525	16132.9135305	2116.53200193	0.882168458781	1.0	1.0	1.0
0	1.84009840098	5.54432134073	0.0	0.10332103321	0.00492004920049	0.0
5187	14212.8672685	3933.30477055	0.61049816115	1.0	1.0	1.0
1888	12273.5745345	3377.55764706	0.529394559813	1.0	1.0	1.0
417	9739.07499103	3862.03407559	0.338715464657	1.0	1.0	1.0
8841	16464.9244625	3581.10736026	0.708890180128	1.0	1.0	1.0
11107	19298.7709655	3940.86870636	0.615221987315	1.0	1.0	1.0
0	1.1677852349	4.58828781003	0.0	0.0630872483221	0.0	0.0
14862	23781.1401617	3249.82890394	0.852425876011	1.0	1.0	1.0
0	0	0	0.0	0.0	0.0	0.0
0	0.473240038457	3.47892684875	0.0	0.0262792436705	0.0086529216964	0.0
0	1.61211129296	5.89238882927	0.0	0.0842880523732	0.0229132569558	0.0
1816	16885.8668195	4899.56677945	0.545963840081	1.0	1.0	1.0
6432	17275.4297277	3443.96107104	0.76821192053	1.0	1.0	1.0
0	0.186159844055	1.4048414421	0.0	0.0241228070175	0.0	0.0
0	0.667847025496	2.89098680612	0.0	0.0759560906516	0.00442634560907	0.0
0	0.136795440152	0.860965548129	0.0	0.0265991133629	0.0	0.0
0	1.19419087137	4.16451711109	0.0	0.0852005532503	0.0	0.0
0	0.918964076859	3.04370002972	0.0	0.107769423559	0.0	0.0
8116	13635.6413043	2370.66474311	0.79347826087	1.0	1.0	1.0
9310	17598.2843407	2869.32745143	0.833791208791	1.0	1.0	1.0
7056	15875.5722914	3141.01380558	0.672706681767	1.0	1.0	1.0
3101	14511.7238095	5812.05006903	0.557509157509	0.971428571429	0.916483516484	0.915750915751
6021	13634.5182482	3618.67516229	0.527169505272	1.0	1.0	1.0
1260	14876.1686528	4079.8519342	0.526554404145	1.0	1.0	1.0
1980	14156.3675343	4318.71035823	0.507669068092	1.0	1.0	1.0
0	1.23285486443	5.22049744796	0.0526315789474	0.102073365231	0.0175438596491	0.0
5438	15299.4766376	4147.52917915	0.578359043148	1.0	1.0	1.0
0	0.441209406495	2.00716271114	0.0	0.148096304591	0.0	0.0
5791	15546.8796134	3778.621397	0.648506151142	1.0	1.0	1.0
12515	17713.0444444	1664.50610166	0.980444444444	1.0	1.0	1.0
8970	21778.3082251	5614.72865525	0.611255411255	1.0	1.0	1.0
28235	29612.137931	1092.11896141	1.0	1.0	1.0	1.0
0	0.400943396226	1.35792539344	0.0	0.0801886792453	0.0	0.0
0	1.62394014963	8.63165463755	0.0	0.0416458852868	0.0351620947631	0.0
0	0.176366843034	0.56712293442	0.0	0.0881834215168	0.0	0.0
9172	20772.9146919	5026.94443009	0.649289099526	1.0	1.0	1.0
9938	21675.2627451	6725.4434944	0.669281045752	1.0	1.0	1.0
0	0.226723366159	1.83466869703	0.0	0.038048343778	0.0	0.0
6773	18762.548996	3342.48270356	0.803614457831	1.0	1.0	1.0
3166	17615.4543651	4585.45239864	0.590608465608	1.0	1.0	1.0
5049	18077.9971815	4633.69810801	0.632468996618	0.989853438557	0.989853438557	0.989853438557
11470	19060.8455648	2474.62140724	0.876834716018	1.0	1.0	1.0
0	1.87863247863	8.18789839832	0.0	0.0811965811966	0.0205128205128	0.0
0	0.427265170407	1.54036454927	0.0	0.0714879467997	0.0	0.0
12513	20145.864	3000.11735596	0.8496	1.0	1.0	1.0
0	0.0723606168446	0.586247420068	0.0	0.0460656385923	0.0	0.0
0	1.9547030275	6.17765495946	0.0203374162237	0.147446267622	0.0231107002542	0.0
0	0.902478017586	3.19197914621	0.0607513988809	0.12549960032	0.0	0.0
8493	17190.3700121	3384.50302848	0.82738814994	1.0	1.0	1.0
4121	12232.994429	5072.45922951	0.453110492108	1.0	1.0	1.0
1867	17864.5600711	4627.51108283	0.599314198628	1.0	1.0	1.0
0	840.155464641	2331.04219882	0.0	0.350672121566	0.219754529515	0.153711279953
8862	20122.9842661	3558.60168272	0.81995954147	1.0	1.0	1.0
7536	18328.9760274	3108.63078085	0.784246575342	1.0	1.0	1.0
5982	18121.4082222	3667.47757158	0.739333333333	1.0	1.0	1.0
7408	15042.897584	4768.90616604	0.558298319328	0.992121848739	0.947478991597	0.935399159664
0	0	0	0.0	0.0	0.0	0.0
8546	16143.5530726	3230.76128269	0.773044692737	1.0	1.0	1.0
0	0.458772958187	2.91921987597	0.0	0.0359515435717	0.0	0.0
0	0.890207715134	4.38142414735	0.040059347181	0.120919881306	0.0111275964392	0.0
15559	20984.7591036	2735.00989674	0.878618113912	1.0	1.0	1.0
0	0.276996805112	1.41046338317	0.0	0.0533546325879	0.0	0.0
3997	12937.38262	3687.51645633	0.481193255512	1.0	1.0	1.0
0	15239.9193548	6466.08530795	0.415053763441	0.951612903226	0.951612903226	0.951612903226
1230	14154.5280593	3790.59009317	0.553770086527	1.0	1.0	1.0
0	0	0	0.0	0.0	0.0	0.0
4447	14017.3967871	4219.62626888	0.523694779116	1.0	1.0	1.0
4826	13115.5621853	3205.15180107	0.591389728097	1.0	1.0	1.0
7284	14989.2650862	4939.84680814	0.497126436782	1.0	1.0	1.0
4	17686.6985372	3566.37546034	0.653169387322	1.0	0.998728005088	0.998728005088
7614	17938.9684311	3126.96352149	0.722257653061	1.0	1.0	1.0
0	0.025146484375	0.213331273958	0.0	0.0146484375	0.0	0.0
8410	17738.4827806	4128.16963269	0.829081632653	0.977678571429	0.977678571429	0.977678571429
6862	15563.2886076	3436.4145994	0.540506329114	1.0	1.0	1.0
0	0.0789473684211	0.269656599104	0.0	0.0789473684211	0.0	0.0
0	1.44506001847	5.00410552325	0.0	0.0923361034164	0.0212373037858	0.0
0	11661.6025082	4945.80834611	0.458560523446	0.970010905125	0.916575790622	0.916575790622
0	0.00751010976314	0.0863348597873	0.0	0.00751010976314	0.0	0.0
5107	18286.1924086	5688.33666427	0.485024154589	1.0	1.0	1.0
13064	17339.5638629	2378.71091228	0.993769470405	1.0	1.0	1.0
0	1.91330343797	9.39030537185	0.0	0.039860488291	0.039860488291	0.0
3928	16844.8285554	4613.19807481	0.636312535132	1.0	1.0	1.0
6153	16404.7783461	4051.34436187	0.566922421142	1.0	1.0	1.0
5309	15829.7324183	4466.21250415	0.576732026144	1.0	1.0	1.0
8043	19338.1934484	3445.11258079	0.772023019035	1.0	1.0	1.0
2836	14491.6426197	3948.55092642	0.582209188661	1.0	1.0	1.0
0	0.0377777777778	0.386890101472	0.0	0.00944444444444	0.0	0.0
7261	14725.3735692	2600.30909166	0.803329864724	1.0	1.0	1.0
3066	14106.6096745	3795.27224034	0.599897079635	1.0	1.0	1.0
0	1.11524163569	6.09083274512	0.0	0.0551425030979	0.0281908302354	0.0
3232	12521.6936431	2951.76176522	0.631447483452	1.0	1.0	1.0
8853	13389.3600629	3715.92047715	0.611373165618	0.994496855346	0.994496855346	0.97641509434
4348	12848.7579288	4076.53615618	0.43430420712	1.0	1.0	1.0
4623	14826.5060767	4359.9522866	0.541913368651	1.0	1.0	1.0
9496	16831.0529747	2898.17520892	0.786471067645	1.0	1.0	1.0
13311	25303.9254288	4397.60821124	0.768083519761	1.0	1.0	1.0
7227	18725.4852599	4261.30318951	0.77501939488	1.0	1.0	1.0
4966	13946.301719	3595.26948834	0.653526970954	0.98132780083	0.98132780083	0.98132780083
5748	14466.4605937	3239.8309893	0.716137836916	1.0	1.0	1.0
0	1.61213461066	9.84481105601	0.0	0.0311962662736	0.0235814296242	0.0
0	2.71418732782	8.30978992737	0.0371900826446	0.177685950413	0.0454545454545	0.0
5631	17592.0263332	3851.25492551	0.679364027824	1.0	1.0	1.0
2925	16248.5488923	4534.17239445	0.647058823529	1.0	1.0	1.0
1480	13799.8421372	4436.2932492	0.377049180328	1.0	1.0	1.0
0	0.0219272937103	0.205474361226	0.0	0.0115406809002	0.0	0.0
0	0.0179775280899	0.179613691423	0.0	0.014606741573	0.0	0.0
4837	14008.6479401	3439.28564398	0.614452522582	1.0	1.0	1.0
3616	15252.6465194	4307.58187763	0.574406002501	1.0	1.0	1.0
0	0.174868461777	0.681406077892	0.0	0.0665428659858	0.0	0.0
2723	16102.1233002	4043.11248678	0.601874071535	1.0	1.0	1.0
2263	11259.8814318	4438.97600848	0.390380313199	1.0	1.0	1.0
0	12.600886025	31.4263644512	0.049536850584	0.346757954088	0.154651631091	0.0596053161498
3762	14844.2889038	3716.01780554	0.60645595158	0.988702084734	0.988702084734	0.988702084734
7337	9596.46417445	1576.66378011	0.895638629283	1.0	1.0	1.0
15365	18690.6167979	1875.18976401	1.0	1.0	1.0	1.0
13435	18132.5644891	2246.30537432	0.99162479062	1.0	1.0	1.0
0	0.198836081474	0.610479612456	0.0	0.09796314258	0.0	0.0
0	0.0402656117547	0.532833291798	0.0	0.028539135349	0.0	0.0
0	0.957776590059	2.77151120732	0.0	0.106894708712	0.0	0.0
0	91.4984188093	364.478265733	0.00742472157294	0.236491131583	0.117970576103	0.102708648426
0	0.264150943396	0.993392194799	0.0	0.0660377358491	0.0	0.0
5442	20268.0375059	4721.82922794	0.628223159869	1.0	1.0	1.0
6568	21132.9458864	4703.05278071	0.59818805093	1.0	1.0	1.0
7064	17824.7881579	4306.12400728	0.60701754386	1.0	1.0	1.0
0	0.832823649337	3.56769156707	0.0	0.0978593272171	0.0	0.0
9056	23802.4983379	4357.0603564	0.762163795709	1.0	1.0	1.0
0	1.005859375	3.68491233939	0.0	0.0810546875	0.0	0.0
4278	17085.9724613	4424.79360324	0.43760757315	1.0	1.0	1.0
11163	23916.6532942	4275.75604208	0.775929549902	1.0	1.0	1.0
5510	20227.2779974	5414.27764659	0.66534914361	1.0	1.0	1.0
2685	24085.248986	12454.2240664	0.559634288857	1.0	1.0	1.0
17908	22492.0994248	2890.4300853	0.953163516845	1.0	1.0	1.0
0	0.0593824228029	0.236339058695	0.0	0.0593824228029	0.0	0.0
14	5.61156412157	15.8281743807	0.0111193476649	0.255374351371	0.0845070422535	0.0
12088	17860.7180723	2104.39839022	0.90281124498	1.0	1.0	1.0
3945	16701.185654	4162.70535223	0.571729957806	1.0	1.0	1.0
0	1.07142857143	1.43747227125	0.0	0.357142857143	0.0	0.0
1690	35343.7920969	37698.6858715	0.299049979347	1.0	1.0	1.0
9019	16048.0690399	3011.09221846	0.700107874865	1.0	1.0	1.0
0	6826.18875502	7166.37760885	0.0622489959839	0.524096385542	0.524096385542	0.524096385542
0	3.82462356067	12.9950346675	0.0	0.0797165633304	0.0797165633304	0.0
7449	13968.2698413	3115.02129579	0.667857142857	1.0	1.0	1.0
0	1.17185309784	6.09760012104	0.0	0.0370058873003	0.0350434538828	0.0
9048	21812.8630673	3486.63128915	0.820552947314	1.0	1.0	1.0
2597	8859.52677298	2217.8939969	0.536885777259	1.0	1.0	1.0
6762	8049.18501119	2801.9664073	0.473378076063	0.98836689038	0.975838926174	0.975838926174
0	1.26029359112	3.16350964188	0.0	0.152524167562	0.0	0.0
0	2.3730017762	5.61340951816	0.0592066311427	0.258140911782	0.0	0.0
6599	14756.4163701	2441.52974285	0.77266066569	1.0	1.0	1.0
4811	14987.905839	3262.73960342	0.712782745923	1.0	1.0	1.0
0	0	0	0.0	0.0	0.0	0.0
3911	12738.6449115	2841.3123097	0.657817109145	1.0	1.0	1.0
3918	13259.7005457	2894.15230428	0.62653478854	1.0	1.0	1.0
2212	10402.2330638	2946.57121913	0.530955853109	1.0	1.0	1.0
1789	11626.046756	3505.48739102	0.418177042291	1.0	1.0	1.0
3840	11292.5691798	3026.66954181	0.536868268434	1.0	1.0	1.0
0	0	0	0.0	0.0	0.0	0.0
